1.00000000 0.52431163 -0.19281030
1.09647820 0.50721951 -0.18786413
1.20226443 0.49107321 -0.18159842
1.31825674 0.47604494 -0.17422792
1.44543977 0.46224905 -0.16598443
1.58489319 0.44974397 -0.15710074
1.73780083 0.43853831 -0.14779732
1.90546072 0.42859970 -0.13827271
2.08929613 0.41986467 -0.12869764
2.29086765 0.41224836 -0.11921254
2.51188643 0.40565309 -0.10992763
2.75422870 0.39997557 -0.10092492
3.01995172 0.39511230 -0.09226128
3.31131121 0.39096357 -0.08397205
3.63078055 0.38743598 -0.07607469
3.98107171 0.38444391 -0.06857228
4.36515832 0.38191021 -0.06145652
4.78630092 0.37976621 -0.05471037
5.24807460 0.37795142 -0.04831025
5.75439937 0.37641287 -0.04222763
6.30957344 0.37510440 -0.03643042
6.91830971 0.37398583 -0.03088384
7.58577575 0.37302217 -0.02555104
8.31763771 0.37218277 -0.02039349
9.12010839 0.37144061 -0.01537103
10.00000000 0.37077154 -0.01044174
10.96478196 0.37015365 -0.00556159
12.02264435 0.36956658 -0.00068379
13.18256739 0.36899101 0.00424210
14.45439771 0.36840807 0.00927152
15.84893192 0.36779882 0.01446661
17.37800829 0.36714386 0.01989876
19.05460718 0.36642294 0.02565194
20.89296131 0.36561487 0.03182753
22.90867653 0.36469772 0.03855113
25.11886432 0.36364985 0.04598250
27.54228703 0.36245243 0.05433031
30.19951720 0.36109491 0.06387450
33.11311215 0.35958690 0.07500109
36.30780548 0.35798320 0.08825764
39.81071706 0.35643812 0.10444359
43.65158322 0.35532715 0.12475964
47.86300923 0.35553156 0.15105258
52.48074602 0.35913928 0.18618175
57.54399373 0.37124731 0.23434212
63.09573445 0.40455881 0.29990453
69.18309709 0.48830863 0.37688548
75.85775750 0.65844159 0.40702059
83.17637711 0.83558993 0.27932987
91.20108394 0.85181749 0.08332277
100.00000000 0.77448299 -0.02699685
109.64781961 0.69975198 -0.06727182
120.22644346 0.64592093 -0.07759375
131.82567386 0.60873354 -0.07678746
144.54397707 0.58268392 -0.07209210
158.48931925 0.56397039 -0.06626081
173.78008287 0.55018894 -0.06035287
190.54607180 0.53981837 -0.05476644
208.92961309 0.53187292 -0.04963268
229.08676528 0.52569500 -0.04497348
251.18864315 0.52083321 -0.04076709
275.42287033 0.51696935 -0.03697621
301.99517204 0.51387385 -0.03356001
331.13112148 0.51137756 -0.03047917
363.07805477 0.50935362 -0.02769773
398.10717055 0.50770536 -0.02518360
436.51583224 0.50635816 -0.02290842
478.63009232 0.50525372 -0.02084723
524.80746025 0.50434604 -0.01897809
575.43993734 0.50359855 -0.01728163
630.95734448 0.50298192 -0.01574075
691.83097092 0.50247253 -0.01434028
758.57757503 0.50205125 -0.01306673
831.76377110 0.50170249 -0.01190805
912.01083936 0.50141355 -0.01085346
1000.00000000 0.50117400 -0.00989330
1096.47819614 0.50097528 -0.00901887
1202.26443462 0.50081038 -0.00822232
1318.25673856 0.50067347 -0.00749658
1445.43977075 0.50055977 -0.00683524
1584.89319246 0.50046532 -0.00623251
1737.80082875 0.50038685 -0.00568312
1905.46071796 0.50032164 -0.00518232
2089.29613085 0.50026743 -0.00472576
2290.86765277 0.50022238 -0.00430951
2511.88643151 0.50018492 -0.00392999
2754.22870334 0.50015378 -0.00358395
3019.95172040 0.50012789 -0.00326841
3311.31121483 0.50010636 -0.00298068
3630.78054770 0.50008846 -0.00271830
3981.07170553 0.50007357 -0.00247904
4365.15832240 0.50006119 -0.00226085
4786.30092323 0.50005089 -0.00206187
5248.07460250 0.50004233 -0.00188041
5754.39937337 0.50003520 -0.00171493
6309.57344480 0.50002928 -0.00156401
6918.30970919 0.50002435 -0.00142638
7585.77575029 0.50002026 -0.00130086
8317.63771103 0.50001685 -0.00118639
9120.10839356 0.50001401 -0.00108200
10000.00000000 0.50001166 -0.00098679
