1.00000000 -12.87995208 0.00037011
1011.09090909 -12.98004310 0.36899086
2021.18181818 -13.36603275 0.71717959
3031.27272727 -14.41221139 1.08310363
4041.36363636 -18.00351475 1.88153028
5051.45454545 17.67208783 56.70518203
6061.54545455 -4.29565551 2.15286221
7071.63636364 -7.61051139 1.88864802
8081.72727273 -8.96539012 1.99171054
9091.81818182 -9.91450884 2.15882578
10101.90909091 -10.84630750 2.35586438
11112.00000000 -12.01055214 2.58629892
12122.09090909 -13.79435584 2.88681310
13132.18181818 -17.29054061 3.42901693
14142.27272727 -28.41109872 5.87431865
15152.36363636 64.89127519 60.72252844
16162.45454545 7.22657776 5.02112430
17172.54545455 0.02049195 4.10017422
18182.63636364 -2.75171200 4.07464825
19192.72727273 -4.28779405 4.21412188
20202.81818182 -5.31993961 4.41458989
21212.90909091 -6.10880327 4.65158627
22223.00000000 -6.77268957 4.92018111
23233.09090909 -7.37525847 5.22316390
24243.18181818 -7.95593317 5.56844575
25253.27272727 -8.54234209 5.96930545
26263.36363636 -9.15577237 6.44628362
27273.45454545 -9.81292660 7.03088301
28283.54545455 -10.52411825 7.77190913
29293.63636364 -11.28508455 8.74567772
30303.72727273 -12.05398362 10.07019814
31313.81818182 -12.69329689 11.91421898
32323.90909091 -12.84256774 14.44912770
33334.00000000 -11.75586295 17.56178326
34344.09090909 -8.62455786 20.13079302
35354.18181818 -4.26771773 20.11306614
36364.27272727 -1.39481320 17.39032275
37374.36363636 -1.08250367 14.13922971
38384.45454545 -2.47067004 11.69392555
39394.54545455 -4.78941274 10.16010586
40404.63636364 -7.89866241 9.32211242
41414.72727273 -12.25277389 9.05477224
42424.81818182 -19.33395992 9.53921889
43434.90909091 -34.40356413 12.33856135
44445.00000000 -92.77536780 41.90707468
45455.09090909 113.05529758 55.78914187
46465.18181818 42.42142523 12.74664728
47475.27272727 26.03882106 9.23356765
48485.36363636 18.88973818 8.31859312
49495.45454545 14.85787286 7.98826492
50505.54545455 12.25271386 7.86473096
51515.63636364 10.42177919 7.83480458
52525.72727273 9.05965235 7.85444173
53535.81818182 8.00398961 7.90330374
54545.90909091 7.16031113 7.97078498
55556.00000000 6.46976073 8.05083125
56566.09090909 5.89367805 8.13973781
57576.18181818 5.40556717 8.23511057
58586.27272727 4.98662676 8.33533356
59596.36363636 4.62312358 8.43927697
60606.45454545 4.30477773 8.54612770
61616.54545455 4.02373143 8.65528641
62626.63636364 3.77386855 8.76630235
63636.72727273 3.55035275 8.87883067
64646.81818182 3.34930613 8.99260369
65656.90909091 3.16758081 9.10741099
66667.00000000 3.00259323 9.22308528
67677.09090909 2.85220204 9.33949233
68687.18181818 2.71461657 9.45652347
69697.27272727 2.58832731 9.57409003
70707.36363636 2.47205242 9.69211921
71717.45454545 2.36469612 9.81055080
72727.54545455 2.26531587 9.92933475
73737.63636364 2.17309642 10.04842923
74747.72727273 2.08732891 10.16779910
75757.81818182 2.00739402 10.28741471
76767.90909091 1.93274822 10.40725093
77778.00000000 1.86291253 10.52728638
78788.09090909 1.79746320 10.64750277
79798.18181818 1.73602396 10.76788445
80808.27272727 1.67825961 10.88841792
81818.36363636 1.62387053 11.00909152
82828.45454545 1.57258813 11.12989514
83838.54545455 1.52417092 11.25082000
84848.63636364 1.47840124 11.37185840
85858.72727273 1.43508236 11.49300362
86868.81818182 1.39403609 11.61424973
87878.90909091 1.35510062 11.73559150
88889.00000000 1.31812872 11.85702430
89899.09090909 1.28298614 11.97854401
90909.18181818 1.24955025 12.10014694
91919.27272727 1.21770877 12.22182979
92929.36363636 1.18735878 12.34358959
93939.45454545 1.15840573 12.46542366
94949.54545455 1.13076263 12.58732955
95959.63636364 1.10434933 12.70930505
96969.72727273 1.07909184 12.83134812
97979.81818182 1.05492182 12.95345689
98989.90909091 1.03177597 13.07562964
100000.00000000 1.00959568 13.19786477
