25000.00000000   0.00030502   0.00088862
50000.00000000   0.00003224   0.00128032
75000.00000000   0.00005865   0.00202203
100000.00000000   0.00012480   0.00278205
125000.00000000   0.00031502   0.00365266
150000.00000000   0.00182999   0.00409914
175000.00000000   0.00020586   0.00389629
200000.00000000   0.00017004   0.00497310
225000.00000000   0.00030920   0.00585945
250000.00000000   0.00035917   0.00654194
275000.00000000   0.00085148   0.00756003
300000.00000000   0.00059819   0.00731775
325000.00000000   0.00039848   0.00851479
350000.00000000   0.00048715   0.00949748
375000.00000000   0.00064583   0.01046479
400000.00000000   0.00090425   0.01133817
425000.00000000   0.00081078   0.01213679
450000.00000000   0.00091618   0.01332279
475000.00000000   0.00111590   0.01447919
500000.00000000   0.00140854   0.01557290
525000.00000000   0.00143978   0.01685585
550000.00000000   0.00168896   0.01833725
575000.00000000   0.00201150   0.01992194
600000.00000000   0.00240992   0.02166321
625000.00000000   0.00291441   0.02359907
650000.00000000   0.00357037   0.02577747
675000.00000000   0.00444486   0.02823753
700000.00000000   0.00562564   0.03101854
725000.00000000   0.00722846   0.03414258
750000.00000000   0.00936734   0.03759556
775000.00000000   0.01209402   0.04144992
800000.00000000   0.01558013   0.04605763
825000.00000000   0.02062388   0.05199919
850000.00000000   0.02896547   0.05960349
875000.00000000   0.04487737   0.06794336
900000.00000000   0.07480017   0.06901290
925000.00000000   0.11043830   0.03792539
950000.00000000   0.10120384  -0.01517955
975000.00000000   0.06518130  -0.03157968
1000000.00000000   0.04220708  -0.02547547
1025000.00000000   0.03107520  -0.01542346
1050000.00000000   0.02653568  -0.00572460
1075000.00000000   0.02627679   0.00319249
1100000.00000000   0.02986031   0.01104507
1125000.00000000   0.03714007   0.01655984
1150000.00000000   0.04752118   0.01848161
1175000.00000000   0.05932011   0.01467396
1200000.00000000   0.07079064   0.00489765
1225000.00000000   0.07749029  -0.01496433
1250000.00000000   0.06718382  -0.03743513
1275000.00000000   0.04698831  -0.04560557
1300000.00000000   0.03121905  -0.04245944
1325000.00000000   0.02183489  -0.03602046
1350000.00000000   0.01648430  -0.02963333
1375000.00000000   0.01340356  -0.02399015
1400000.00000000   0.01161127  -0.01900067
1425000.00000000   0.01065470  -0.01453414
1450000.00000000   0.01026067  -0.01044374
1475000.00000000   0.01033315  -0.00660528
1500000.00000000   0.01081744  -0.00284483
1525000.00000000   0.01172874   0.00089090
1550000.00000000   0.01312451   0.00466697
1575000.00000000   0.01510733   0.00852391
1600000.00000000   0.01781021   0.01246806
1625000.00000000   0.02141063   0.01651286
1650000.00000000   0.02622628   0.02066012
1675000.00000000   0.03284008   0.02472872
1700000.00000000   0.04198070   0.02806193
1725000.00000000   0.05426569   0.02922906
1750000.00000000   0.06951289   0.02582214
1775000.00000000   0.08545509   0.01476437
1800000.00000000   0.09619477  -0.00501770
1825000.00000000   0.09600677  -0.02852269
1850000.00000000   0.08546768  -0.04774656
1875000.00000000   0.07037033  -0.05870581
1900000.00000000   0.05597258  -0.06254489
1925000.00000000   0.04438392  -0.06227671
1950000.00000000   0.03551787  -0.06017994
1975000.00000000   0.02877943  -0.05729104
2000000.00000000   0.02370210  -0.05413604
2025000.00000000   0.01991835  -0.05102433
2050000.00000000   0.01714042  -0.04813267
2075000.00000000   0.01512438  -0.04557809
2100000.00000000   0.01364767  -0.04346363
2125000.00000000   0.01244856  -0.04183345
2150000.00000000   0.01120169  -0.04054535
2175000.00000000   0.00984544  -0.03926585
2200000.00000000   0.00859600  -0.03786384
2225000.00000000   0.00757198  -0.03642488
2250000.00000000   0.00675506  -0.03503875
2275000.00000000   0.00611104  -0.03373573
2300000.00000000   0.00561249  -0.03252146
2325000.00000000   0.00523415  -0.03141575
2350000.00000000   0.00496253  -0.03041465
2375000.00000000   0.00477950  -0.02953653
2400000.00000000   0.00466455  -0.02880983
2425000.00000000   0.00456515  -0.02825471
2450000.00000000   0.00438673  -0.02786786
2475000.00000000   0.00404960  -0.02756031
2500000.00000000   0.00356188  -0.02719629
2525000.00000000   0.00302738  -0.02671253
2550000.00000000   0.00253847  -0.02612171
2575000.00000000   0.00212801  -0.02547765
2600000.00000000   0.00179756  -0.02482566
2625000.00000000   0.00153832  -0.02418858
2650000.00000000   0.00133133  -0.02358282
2675000.00000000   0.00115820  -0.02300346
2700000.00000000   0.00101597  -0.02245749
2725000.00000000   0.00089692  -0.02193952
2750000.00000000   0.00079737  -0.02144314
2775000.00000000   0.00071685  -0.02097123
2800000.00000000   0.00064954  -0.02052266
2825000.00000000   0.00059630  -0.02009191
2850000.00000000   0.00055679  -0.01968615
2875000.00000000   0.00052547  -0.01930020
2900000.00000000   0.00050241  -0.01893550
2925000.00000000   0.00048975  -0.01858876
2950000.00000000   0.00047860  -0.01826010
2975000.00000000   0.00047004  -0.01794837
3000000.00000000   0.00046848  -0.01765254
3025000.00000000   0.00046580  -0.01737356
3050000.00000000   0.00046376  -0.01710620
3075000.00000000   0.00046237  -0.01685235
3100000.00000000   0.00045921  -0.01661018
3125000.00000000   0.00045618  -0.01637443
3150000.00000000   0.00045533  -0.01614853
3175000.00000000   0.00045255  -0.01593125
3200000.00000000   0.00045294  -0.01572103
3225000.00000000   0.00045318  -0.01551932
3250000.00000000   0.00045492  -0.01532240
3275000.00000000   0.00045512  -0.01513656
3300000.00000000   0.00045594  -0.01495666
3325000.00000000   0.00045747  -0.01478158
3350000.00000000   0.00045658  -0.01461386
3375000.00000000   0.00045609  -0.01445263
3400000.00000000   0.00045530  -0.01429668
3425000.00000000   0.00045451  -0.01414309
3450000.00000000   0.00045252  -0.01399785
3475000.00000000   0.00045053  -0.01385424
3500000.00000000   0.00045062  -0.01371400
3525000.00000000   0.00045021  -0.01357921
3550000.00000000   0.00044874  -0.01345067
3575000.00000000   0.00044637  -0.01332710
3600000.00000000   0.00044134  -0.01320756
3625000.00000000   0.00043577  -0.01309375
3650000.00000000   0.00042552  -0.01298405
3675000.00000000   0.00040902  -0.01287411
3700000.00000000   0.00038718  -0.01276264
3725000.00000000   0.00036367  -0.01264724
3750000.00000000   0.00034208  -0.01252753
3775000.00000000   0.00032587  -0.01240667
3800000.00000000   0.00031662  -0.01228420
3825000.00000000   0.00031178  -0.01216599
3850000.00000000   0.00031077  -0.01205411
3875000.00000000   0.00030769  -0.01194619
3900000.00000000   0.00030419  -0.01184371
3925000.00000000   0.00029918  -0.01173864
3950000.00000000   0.00029557  -0.01163471
3975000.00000000   0.00029157  -0.01153023
4000000.00000000   0.00029170  -0.01142738
